11.46 15.91 9.06 12.78 8.74 11.60 9.75 13.43
11.28 15.78 9.13 12.86 8.87 11.89 9.76 13.51
11.22 15.68 9.13 12.88 9.05 12.07 9.80 13.55
11.19 15.68 9.30 12.61 9.51 15.38 10.00 14.56
10.82 15.20 8.97 12.13 8.85 12.23 9.55 13.19
10.96 15.24 7.06 9.26 8.41 11.50 8.81 12.00
10.27 14.39 7.31 9.51 8.74 11.60 8.78 11.83
12.63 17.35 10.16 13.12 9.08 29.46 10.62 19.97
11.49 15.97 9.81 12.69 9.81 23.11 10.37 17.26
18.22 77.81 20.18 25.30 19.57 313.19 19.33 138.77
16.55 34.75 19.91 23.29 13.69 87.36 16.72 48.47
9.51 13.75 6.57 8.49 8.93 11.60 8.34 11.28
9.05 13.14 6.46 8.37 8.47 11.06 7.99 10.86
10.81 15.56 4.02 5.44 10.19 14.16 8.34 11.72
10.46 14.42 3.62 4.93 9.65 12.89 7.91 10.75
13.16 17.44 4.37 6.67 73.47 87.25 30.33 37.12
12.17 16.28 2.44 4.93 10.03 13.93 8.21 11.71
11.84 20.26 8.68 11.49 13.83 40.60 11.45 24.11
