86.40 98.15 128.50 134.13 20.40 31.48 78.44 87.92
76.30 88.18 216.68 222.55 161.70 167.94 151.56 159.56
146.53 155.03 141.54 150.94 184.71 194.98 157.60 166.98
81.98 94.81 249.49 255.50 182.27 191.36 171.25 180.55
82.86 92.81 32.04 48.03 208.67 213.66 107.86 118.17
100.13 112.90 73.45 79.26 177.62 183.93 117.06 125.36
164.67 171.93 167.97 173.65 39.74 48.10 124.13 131.23
29.80 55.89 94.17 101.49 141.11 155.75 88.36 104.38
98.50 107.53 111.60 118.92 60.00 74.18 90.03 100.21
74.03 125.22 270.13 281.72 303.67 545.84 215.95 317.59
68.71 86.78 171.83 180.89 198.70 255.58 146.41 174.41
74.78 87.24 83.35 89.88 104.93 110.83 87.69 95.98
105.94 114.71 103.91 110.60 29.18 37.01 79.68 87.44
112.37 123.90 189.88 196.00 89.58 102.35 130.61 140.75
41.45 54.09 77.81 85.34 31.15 51.56 50.14 63.66
2600.78 2760.74 7731.33 8268.61 13039.07 14232.58 7790.39 8420.64
177.90 187.00 93.14 99.97 139.48 146.14 136.84 144.37
242.54 265.70 584.52 623.38 888.94 984.90 572.00 624.66
