36.42 819.11 34.85 465.13 34.49 629.11 35.25 637.78
38.33 828.77 26.90 777.60 34.35 298.58 33.19 634.98
35.46 881.39 20.87 187.02 29.68 598.73 28.67 555.72
38.74 530.87 28.25 542.21 20.66 289.33 29.21 454.14
32.76 785.56 18.51 299.98 26.37 724.29 25.88 603.27
40.57 1251.20 18.79 384.20 24.24 462.50 27.87 699.30
33.07 844.94 18.69 237.46 25.89 698.84 25.88 593.75
36.99 328.61 28.43 141.15 39.58 842.53 35.00 437.43
38.53 1146.20 32.46 105.76 31.82 722.21 34.27 658.06
65.14 761.99 43.79 254.01 64.88 764.82 57.94 593.61
50.57 1408.01 46.04 729.28 193.38 4148.62 96.66 2095.30
31.85 524.39 20.31 754.15 29.30 1025.41 27.15 767.98
28.41 498.43 12.43 274.01 24.20 162.28 21.68 311.57
44.22 952.00 12.54 73.10 41.80 519.49 32.85 514.87
35.45 1005.69 13.89 169.89 33.67 566.85 27.67 580.81
176.52 9580.69 546.54 33430.62 1621.28 109503.81 781.45 50838.38
34.11 443.28 30.34 516.25 40.99 926.65 35.15 628.73
46.89 1328.89 56.10 2314.23 136.27 7228.48 79.75 3623.86
