13.69 18.43 9.57 13.31 16.57 19.70 13.27 17.15
19.43 24.09 13.41 17.03 16.45 19.63 16.43 20.25
16.60 21.31 10.39 14.40 16.97 20.24 14.65 18.65
19.32 24.00 10.40 13.81 17.07 22.65 15.60 20.16
18.34 22.70 11.31 14.58 16.99 20.50 15.55 19.26
14.58 19.20 9.92 12.53 16.47 19.74 13.66 17.16
14.90 19.02 9.45 12.06 16.21 19.29 13.52 16.79
20.54 25.22 11.97 15.05 11.44 31.01 14.65 23.76
15.79 20.46 14.93 17.77 14.92 26.75 15.21 21.66
25.02 81.31 26.00 31.48 19.47 313.17 23.50 141.99
23.80 40.96 25.68 29.30 16.34 88.06 21.94 52.77
16.09 20.38 10.60 12.80 17.05 19.89 14.58 17.69
14.47 18.80 10.14 12.14 13.91 16.77 12.84 15.90
13.78 18.91 7.27 8.82 20.99 24.76 14.01 17.50
16.74 20.95 6.48 7.86 16.32 19.88 13.18 16.23
26.13 30.79 66.40 69.38 394.14 406.53 162.23 168.90
17.88 22.09 10.25 12.34 18.10 22.06 15.41 18.83
18.07 26.39 15.54 18.51 38.79 65.33 24.13 36.74
