8.53 13.27 6.42 18.94 9.10 21.69 8.02 17.97
9.48 16.11 6.71 17.31 10.22 23.63 8.80 19.02
10.39 19.00 7.94 18.26 11.23 26.30 9.86 21.19
11.51 20.30 8.10 18.26 12.16 28.96 10.59 22.51
10.74 16.42 7.62 19.22 10.29 25.06 9.55 20.24
12.36 24.43 8.82 23.35 11.88 27.13 11.02 24.97
17.85 48.33 9.36 20.50 21.60 33.47 16.27 34.10
10.54 19.20 8.26 20.90 10.65 24.64 9.82 21.58
12.65 20.30 9.77 26.34 12.18 20.72 11.53 22.45
17.26 42.75 10.01 23.85 21.90 31.14 16.39 32.58
8.46 12.99 6.36 18.24 8.91 21.99 7.91 17.74
9.12 20.85 9.72 23.43 4.09 15.03 7.64 19.77
10.60 23.74 8.47 24.05 2.58 6.28 7.22 18.02
11.19 25.89 8.94 25.44 3.62 8.57 7.92 19.97
8.34 13.54 6.58 19.10 9.00 20.99 7.97 17.88
9.60 18.59 9.69 27.01 4.58 18.19 7.96 21.26
10.65 19.82 7.84 27.85 3.24 12.85 7.24 20.17
11.19 19.76 7.60 26.88 3.97 9.50 7.59 18.71
10.17 18.28 7.57 17.90 11.00 25.56 9.58 20.58
11.09 21.77 8.20 21.94 9.59 21.14 9.62 21.62
